-151.0
-218.0
-261.0
-147.0
-244.0
-229.0
-234.0
-70.0
-25.0
-229.0
-136.0
-88.0
-193.0
-185.0
-212.0
-27.0
-154.0
-209.0
-84.0
-174.0
-29.0
-167.0
-150.0
-107.0
-120.0
-130.0
-106.0
-49.0
-60.0
-85.0
-162.0
-202.0
-28.0
-71.0
-166.0
-63.0
-217.0
-236.0
-206.0
-169.0
-13.0
-105.0
-45.0
-127.0
-116.0
-180.0
-215.0
-32.0
-71.0
-70.0
-8.0
-137.0
-214.0
-109.0
-103.0
-32.0
-90.0
-181.0
-194.0
-169.0
-90.0
-178.0
-179.0
-208.0
-13.0
-129.0
-158.0
-36.0
-95.0
-50.0
-146.0
-8.0
-138.0
-181.0
-94.0
-95.0
-101.0
-185.0
-145.0
-72.0
-34.0
-150.0
-53.0
-171.0
-116.0
-111.0
-154.0
-52.0
-94.0
-161.0
-67.0
-75.0
-113.0
-157.0
-30.0
-40.0
-32.0
-8.0
-3.0
-13.0
-119.0
-135.0
-115.0
-169.0
-103.0
-158.0
-4.0
-42.0
-64.0
-83.0
-103.0
-6.0
-143.0
-85.0
-62.0
-145.0
-6.0
-12.0
-114.0
-37.0
-85.0
-118.0
-74.0
-42.0
-138.0
-48.0
-110.0
-101.0
-53.0
-31.0
-29.0
-81.0
-83.0
-99.0
-73.0
-16.0
-11.0
-12.0
-97.0
-94.0
-40.0
-7.0
-18.0
-6.0
-106.0
-23.0
-125.0
-118.0
-52.0
-39.0
-21.0
-112.0
-69.0
-84.0
-8.0
-15.0
-31.0
-108.0
-82.0
-80.0
-90.0
-73.0
-88.0
-92.0
-80.0
-26.0
-47.0
-74.0
-22.0
-71.0
-53.0
-59.0
-70.0
-20.0
-74.0
-54.0
-30.0
-31.0
-86.0
-2.0
-88.0
-25.0
-90.0
-75.0
-14.0
-88.0
-1.0
-56.0
-30.0
-18.0
-20.0
-39.0
-28.0
-36.0
-2.0
-44.0
-17.0
-20.0
-3.0
-5.0
-34.0
-14.0
-42.0
-13.0
-23.0
-48.0
-10.0
-54.0
-15.0
-19.0
-25.0
-4.0
-59.0
-10.0
-12.0
-30.0
-5.0
-35.0
-33.0
-9.0
-44.0
-38.0
-43.0
-2.0
-16.0
-13.0
-13.0
-10.0
-41.0
-1.0
-34.0
-5.0
-19.0
-30.0
-28.0
-4.0
-21.0
-27.0
-20.0
-7.0
-25.0
-12.0
-18.0
-7.0
-6.0
-8.0
-10.0
-4.0
-7.0
-19.0
-1.0
-13.0
-14.0
-9.0
-18.0
-9.0
-6.0
-8.0
-9.0
-8.0
-12.0
-2.0
-6.0
-1.0
-8.0
-7.0
-7.0
-2.0
-5.0
-2.0
-2.0
-2.0
-1.0
0.0
0.0
0.0
1.0
0.0
1.0
2.0
4.0
6.0
1.0
3.0
7.0
4.0
6.0
6.0
7.0
12.0
8.0
4.0
1.0
19.0
10.0
8.0
14.0
10.0
9.0
7.0
15.0
25.0
16.0
1.0
19.0
12.0
6.0
19.0
15.0
3.0
13.0
32.0
1.0
20.0
15.0
18.0
35.0
32.0
18.0
28.0
38.0
39.0
7.0
2.0
21.0
50.0
8.0
17.0
39.0
20.0
25.0
56.0
0.0
53.0
46.0
20.0
50.0
38.0
47.0
64.0
49.0
24.0
12.0
59.0
3.0
13.0
14.0
18.0
62.0
70.0
27.0
0.0
4.0
7.0
45.0
68.0
71.0
37.0
69.0
8.0
45.0
50.0
15.0
8.0
53.0
41.0
71.0
24.0
46.0
27.0
71.0
36.0
26.0
53.0
48.0
69.0
59.0
67.0
44.0
11.0
101.0
0.0
71.0
96.0
42.0
34.0
21.0
25.0
104.0
72.0
11.0
99.0
3.0
16.0
108.0
63.0
60.0
46.0
87.0
124.0
49.0
31.0
15.0
31.0
111.0
47.0
98.0
21.0
80.0
0.0
6.0
32.0
65.0
56.0
134.0
50.0
109.0
111.0
119.0
39.0
53.0
134.0
117.0
96.0
10.0
28.0
9.0
65.0
57.0
3.0
151.0
82.0
94.0
159.0
86.0
113.0
0.0
39.0
21.0
147.0
105.0
130.0
50.0
32.0
114.0
157.0
39.0
10.0
54.0
26.0
105.0
76.0
43.0
60.0
178.0
126.0
139.0
48.0
81.0
165.0
74.0
70.0
87.0
113.0
29.0
109.0
128.0
119.0
10.0
155.0
147.0
118.0
67.0
71.0
165.0
104.0
188.0
162.0
31.0
17.0
201.0
84.0
65.0
172.0
5.0
72.0
91.0
198.0
61.0
168.0
101.0
149.0
115.0
75.0
219.0
162.0
201.0
148.0
135.0
221.0
108.0
175.0
28.0
186.0
94.0
149.0
59.0
167.0
35.0
60.0
135.0
50.0
112.0
4.0
10.0
171.0
18.0
186.0
25.0
169.0
209.0
209.0
220.0
80.0
4.0
87.0
231.0
142.0
128.0
237.0
148.0
128.0
121.0
40.0
239.0
192.0
169.0
255.0
246.0
102.0
108.0
34.0
87.0
90.0
131.0
131.0
251.0
59.0
106.0
23.0
26.0
226.0
266.0
79.0
178.0
96.0
63.0
35.0
17.0
122.0
215.0
175.0
261.0
138.0
233.0
165.0
266.0
113.0
109.0
64.0
271.0
193.0
247.0
246.0
87.0
56.0
22.0
0.0
69.0
106.0
162.0
294.0
213.0
269.0
277.0
285.0
307.0
273.0
187.0
251.0
288.0
62.0
42.0
117.0
53.0
294.0
289.0
278.0
75.0
2.0
5.0
91.0
86.0
275.0
250.0
163.0
215.0
98.0
119.0
155.0
239.0
62.0
290.0
312.0
250.0
231.0
157.0
33.0
310.0
143.0
337.0
58.0
347.0
119.0
223.0
135.0
234.0
303.0
58.0
8.0
299.0
247.0
1.0
242.0
191.0
142.0
58.0
178.0
164.0
61.0
164.0
247.0
57.0
149.0
366.0
159.0
82.0
25.0
366.0
187.0
265.0
346.0
38.0
116.0
219.0
107.0
308.0
266.0
45.0
13.0
231.0
111.0
93.0
106.0
337.0
184.0
204.0
29.0
103.0
21.0
153.0
305.0
255.0
320.0
80.0
399.0
200.0
36.0
67.0
373.0
214.0
52.0
384.0
16.0
168.0
145.0
222.0
390.0
14.0
327.0
255.0
291.0
252.0
215.0
198.0
201.0
251.0
188.0
128.0
146.0
191.0
101.0
361.0
86.0
357.0
52.0
182.0
104.0
387.0
75.0
300.0
178.0
192.0
277.0
228.0
318.0
13.0
254.0
260.0
268.0
61.0
207.0
353.0
328.0
36.0
364.0
147.0
141.0
135.0
222.0
214.0
29.0
191.0
48.0
82.0
313.0
91.0
451.0
297.0
454.0
377.0
161.0
174.0
246.0
17.0
378.0
42.0
462.0
38.0
328.0
297.0
457.0
69.0
435.0
139.0
10.0
378.0
196.0
404.0
340.0
11.0
125.0
313.0
201.0
285.0
85.0
135.0
354.0
68.0
486.0
247.0
22.0
246.0
